   6.1101000e+00   1.7592000e+01
   5.5277000e+00   9.1302000e+00
   8.5186000e+00   1.3662000e+01
   7.0032000e+00   1.1854000e+01
   5.8598000e+00   6.8233000e+00
   8.3829000e+00   1.1886000e+01
   7.4764000e+00   4.3483000e+00
   8.5781000e+00   1.2000000e+01
   6.4862000e+00   6.5987000e+00
   5.0546000e+00   3.8166000e+00
   5.7107000e+00   3.2522000e+00
   1.4164000e+01   1.5505000e+01
   5.7340000e+00   3.1551000e+00
   8.4084000e+00   7.2258000e+00
   5.6407000e+00   7.1618000e-01
   5.3794000e+00   3.5129000e+00
   6.3654000e+00   5.3048000e+00
   5.1301000e+00   5.6077000e-01
   6.4296000e+00   3.6518000e+00
   7.0708000e+00   5.3893000e+00
   6.1891000e+00   3.1386000e+00
   2.0270000e+01   2.1767000e+01
   5.4901000e+00   4.2630000e+00
   6.3261000e+00   5.1875000e+00
   5.5649000e+00   3.0825000e+00
   1.8945000e+01   2.2638000e+01
   1.2828000e+01   1.3501000e+01
   1.0957000e+01   7.0467000e+00
   1.3176000e+01   1.4692000e+01
   2.2203000e+01   2.4147000e+01
   5.2524000e+00  -1.2200000e+00
   6.5894000e+00   5.9966000e+00
   9.2482000e+00   1.2134000e+01
   5.8918000e+00   1.8495000e+00
   8.2111000e+00   6.5426000e+00
   7.9334000e+00   4.5623000e+00
   8.0959000e+00   4.1164000e+00
   5.6063000e+00   3.3928000e+00
   1.2836000e+01   1.0117000e+01
   6.3534000e+00   5.4974000e+00
   5.4069000e+00   5.5657000e-01
   6.8825000e+00   3.9115000e+00
   1.1708000e+01   5.3854000e+00
   5.7737000e+00   2.4406000e+00
   7.8247000e+00   6.7318000e+00
   7.0931000e+00   1.0463000e+00
   5.0702000e+00   5.1337000e+00
   5.8014000e+00   1.8440000e+00
   1.1700000e+01   8.0043000e+00
   5.5416000e+00   1.0179000e+00
   7.5402000e+00   6.7504000e+00
   5.3077000e+00   1.8396000e+00
   7.4239000e+00   4.2885000e+00
   7.6031000e+00   4.9981000e+00
   6.3328000e+00   1.4233000e+00
   6.3589000e+00  -1.4211000e+00
   6.2742000e+00   2.4756000e+00
   5.6397000e+00   4.6042000e+00
   9.3102000e+00   3.9624000e+00
   9.4536000e+00   5.4141000e+00
   8.8254000e+00   5.1694000e+00
   5.1793000e+00  -7.4279000e-01
   2.1279000e+01   1.7929000e+01
   1.4908000e+01   1.2054000e+01
   1.8959000e+01   1.7054000e+01
   7.2182000e+00   4.8852000e+00
   8.2951000e+00   5.7442000e+00
   1.0236000e+01   7.7754000e+00
   5.4994000e+00   1.0173000e+00
   2.0341000e+01   2.0992000e+01
   1.0136000e+01   6.6799000e+00
   7.3345000e+00   4.0259000e+00
   6.0062000e+00   1.2784000e+00
   7.2259000e+00   3.3411000e+00
   5.0269000e+00  -2.6807000e+00
   6.5479000e+00   2.9678000e-01
   7.5386000e+00   3.8845000e+00
   5.0365000e+00   5.7014000e+00
   1.0274000e+01   6.7526000e+00
   5.1077000e+00   2.0576000e+00
   5.7292000e+00   4.7953000e-01
   5.1884000e+00   2.0421000e-01
   6.3557000e+00   6.7861000e-01
   9.7687000e+00   7.5435000e+00
   6.5159000e+00   5.3436000e+00
   8.5172000e+00   4.2415000e+00
   9.1802000e+00   6.7981000e+00
   6.0020000e+00   9.2695000e-01
   5.5204000e+00   1.5200000e-01
   5.0594000e+00   2.8214000e+00
   5.7077000e+00   1.8451000e+00
   7.6366000e+00   4.2959000e+00
   5.8707000e+00   7.2029000e+00
   5.3054000e+00   1.9869000e+00
   8.2934000e+00   1.4454000e-01
   1.3394000e+01   9.0551000e+00
   5.4369000e+00   6.1705000e-01
